Template: NONE
WaveLength: 1
WaveAmplitude: 0
SecondWaveLength: 0
SecondWaveAmplitude: 0
Clouds: 0.7717391
Grime: 0
Palette: 45
EffectColorA: 6
EffectColorB: 13
Effects: Fog-0.2826087-20-20, Flies-0.7826087-30-30, Ant-0.8043478-60-60, Beetle-0.2934783-70-70, 
PlacedObjects: LightFixture><1233.711><847.5538><RedLight~17.32051~-10~76, LightFixture><1133.414><852.3851><RedLight~17.32051~-10~2, LightFixture><1234.403><668.3711><RedLight~17.32051~-10~2, LightFixture><1133.866><671.0872><RedLight~17.32051~-10~43, LightSource><548.6968><1009.536><1~Environment~-187~-34~50~86.60254~1~0~None~0.06521739~0, LightSource><1811.858><488.641><1~Environment~-25~93~50~86.60254~1~0~None~0~0, LightSource><1817.946><267.9427><1~Environment~-106~14~364~-175.3975~1~0~None~0~0, LightSource><2481.26><506.9498><1~Environment~-177~148~50~86.60254~1~0~None~0.05434782~0, LightFixture><2148.758><540.3001><RedLight~87.3205~-84~69, LightSource><2328.443><1261.192><1~Environment~-112~-106~-401~-310.3975~1~0~None~0~0, LightBeam><2263.404><733.1755><55~588~73~588~116~1~-325~246~0.3999999~0~1~0~None~0~0, InsectGroup><291.6073><155.1401><0~100~0~0~WaterGlowworm~0.2282609, InsectGroup><302.8011><466.521><-116~228~0~0~FireFly~0.5434783, InsectGroup><2065.45><390.5016><-311~146~0~0~Ant~1, InsectGroup><2620.195><199.4546><-38~138~0~0~WaterGlowworm~0.3152174, InsectGroup><2592.554><395.0388><-226~168~0~0~FireFly~0.3478261, CustomDecal><2642.678><1164.342><-5~117~117~109~117~-3~-754~-692~0.1413043~1~1~whiteface2~0.08695652~0.25~0.08695652~0.25~0.08695652~0.25~0.08695652~0.25, CustomDecal><2823.318><1099.917><1~90~181~74~173~-4~-934~-639~0.326087~1~1~chaoticb&w2~0~1~0.1413043~1~0.1413043~1~0.05434782~1, LightSource><2928.233><1246.051><1~Environment~0~100~-54~-542.3975~1~0~None~0~0, LightBeam><2887.188><1083.568><35~159~47~161~83~-4~-942~-421~0.5304347~1~0~1~None~0~0, LightSource><2921.396><1082.079><0.5434783~Environment~-9~166~50~86.60254~1~0~None~0~0, CustomDecal><2617.2><1253.737><-1~273~166~277~160~0~-636~-810~0.2391304~1~1~rust1~0.3804348~0.6739131~0.3804348~0.6739131~0.3804348~0.6739131~0.3804348~0.6739131, CustomDecal><2634.437><1182.822><-7~159~134~157~138~-3~-647~-736~0.1956522~1~1~rust2~0.4130435~0.4565217~0.4130435~0.4565217~0.4130435~0.4565217~0.4130435~0.4565217, CustomDecal><2633.558><1034.055><3~178~127~174~126~4~-647~-581~0.2065217~1~1~rustb2~0.4021739~0.2934783~0.4021739~0.2934783~0.4021739~0.2934783~0.4021739~0.2934783, InsectGroup><2919.091><1154.379><0~100~52~141~RockFlea~0.1630435, CustomDecal><2646.052><740.0257><-12~197~126~194~109~1~-668~-305~0.1956522~1~0.5652174~rustb3~0.5~0.4782609~0.5~0.4782609~0.5~0.4782609~0.5~0.4782609, CustomDecal><2641.467><597.6973><-10~217~149~203~120~-7~-509~-131~0.2173913~1~0.7717391~rustb2~0.3478261~0.6739131~0.3478261~0.6739131~0.3478261~0.6739131~0.3478261~0.6739131, CustomDecal><2651.636><373.6036><-32~298~117~295~99~-1~-817~-670~0.2173913~1~0.8369565~rustb1~0.5217391~0.3043478~0.5217391~0.3043478~0.5217391~0.3043478~0.5217391~0.3043478, CustomDecal><2635.807><186.9471><-12~203~131~184~117~2~-843~-497~0.2282609~1~1~rust3~0.5434783~0~0.5434783~0~0.5434783~0~0.5434783~0, CustomDecal><2653.117><533.6495><-366~3~-356~1120~-15~1116~-842~-837~0~0.2173913~0~awfullongb&w~0.09782609~1~0.09782609~1~0.09782609~1~0.09782609~1, CustomDecal><2320.087><473.3667><-363~-35~-340~1175~-2~1176~-469~-341~0~0.3804348~0~tall w&b~0.1086956~1~0.1086956~1~0.1086956~1~0.1086956~1, 
AmbientSounds: OMNI><AM_IND-Utility03.ogg><538.6338><68.89871><0.5217391><1, SPOT><Basic Mech.ogg><787.8666><449.649><0.2065217><1><2493.867><620.649><-127.3553><-46.35535><0><0.3826088, SPOT><Basic Mech.ogg><769.2576><448.9499><0.5><1><2150.258><626.9498><-127.3553><-39.35535><0><0.3717393, SPOT><AM_ENV-WallHum.ogg><739.197><511.5345><0.5108696><1><3146.197><1147.535><-302.3553><-37.35535><0><0.252174, 
FadePalette: 34, 0.2065217, 0.2065217, 0.2065217, 0.2065217, 0.2065217, 0.2065217
WetTerrain: OFF
