Template: NONE
Clouds: 0.3043478
Grime: 0.2173913
Palette: 19
EffectColorA: 13
EffectColorB: 0
PlacedObjects: LightSource><697.8327><409.8904><1~Environment~-56~27~50~86.60254~1~0~None~0~0, LightSource><262.6841><408.578><1~Environment~61~30~50~86.60254~1~0~None~0~0, LightSource><268.0648><368.5756><1~Environment~59~32~53~-15.39746~1~0~None~0~0, LightSource><697.9794><369.0511><1~Environment~-57~31~51~27.60254~1~0~None~0~0, InsectGroup><481.8026><479.9681><-229~90~0~0~Moth~0.1521739, InsectGroup><473.409><447.3787><-172~103~0~0~Ant~0.1847826, CustomDecal><66.05823><73.30678><-47~629~288~611~239~0~467~43.99998~0~0~1~bigm~0.1521739~1~0.1521739~1~0.1521739~1~0.1521739~1, CustomDecal><641.8475><77.57535><-11~623~405~628~348~-1~-391~-2~0~0~1~bigorangefacea~0.1847826~1~0.1847826~1~0.1847826~1~0.1847826~1, CustomDecal><-167.614><-30.91437><-41~772~1295~752~1310~6~567~-198~0.02173913~1~0~faceandtag~0.1847826~1~0.1847826~1~0.1847826~1~0.1847826~1, CustomDecal><388.4592><384.0542><-114~231~301~240~203~-6~395~-224~0~1~1~littledoll~0.1956522~1~0.1956522~1~0.1956522~1~0.1956522~1, 
AmbientSounds: OMNI><AM_IND-Midsex01.ogg><751.9018><158.6742><0.1956522><1.469565, OMNI><AM_IND-Warehouse03.ogg><718.062><386.5682><0.6413044><1, 
FadePalette: 22, 0.5869565
