Template: NONE
CeilingDrips: 0
Clouds: 0.5045939
Palette: 2
EffectColorA: 2
EffectColorB: 2
Effects: Fog-1-20-20, AboveCloudsView-0.1507983-43.87341-94.03125, 
PlacedObjects: GooieDuck><358.88><197.5104><-245.9867~-237.9828~2~3, GooieDuck><372.1917><216.2415><-5.335938~-256.6585~2~3, GooieDuck><2047.485><196.7218><0~0~2~3, GooieDuck><1922.252><199.5481><0~0~2~3, Rainbow><1755.516><140.2398><-373.5156~474.0493~7.470337~248.6547~0,0,0,0.3479946,0.7029976,0.15, CustomDecal><214.4099><417.7508><0.0001220703~387.3696~-225.1961~385.7687~-211.8562~-1.06723~21.3438~-48.55688~0.3247959~0.6868034~0~rust1~0.5579993~1~0.5579993~1~0.5579993~1~0.5579993~1, CustomDecal><190.4771><169.4121><-1.0672~83.22107~896.4177~88.55701~882.0109~0.5335999~314.2867~104.0509~0~0.866601~0~rust3~0.3434017~1~0.3434017~1~0.3434017~1~0.3434017~1, CustomDecal><2226.312><350.0459><-8.003906~307.864~271.0461~322.8048~274.7813~-1.0672~-306.8165~-6.936676~0.5509925~0.8782018~0.4200072~rust3~0.5927989~1~0.5927989~1~0.5927989~1~0.5927989~1, 
AmbientSounds: OMNI><am_win-howlingwnd.ogg><436.6414><493.6949><0.6043987><0.91648, 
FadePalette: 12, 0.753991, 0.7597912
