Template: NONE
CeilingDrips: 0.09806757
Clouds: 0
Grime: 0.3454106
BkgDroneVolume: 0.3014493
WaterReflectionAlpha: 1
Palette: 22
EffectColorA: 0
EffectColorB: 0
Effects: Darkness-0.3400967-20-20, Fog-0.2009662-22.17776-76.22222, Lightning-0-335.7778-86.17777, Desaturation-0-330.0889-20.04441, DirtyWater-0.4792275-581.1111-187.8667, 
PlacedObjects: LanternOnStick><282.1589><408.7787><-29.15536~-89.15555, LanternOnStick><227.2691><366.6785><9.244415~-51.46664, LanternOnStick><698.2818><380.749><12.08881~-62.13327, LanternOnStick><984.9304><649.3143><-7.822266~-56.44446, UniqueDataPearl><917.1421><597.7565><-944.3556~-24.88904~0~0~SI_top~0, CustomDecal><245.3413><567.1036><-0.7111206~315.9113~123.9111~319.467~133.8665~0.7111206~-253.8668~-328.5333~0~0.2193232~0~lc_entrymarkse~0.4560388~0.03864753~0.7652177~0.06956515~0.3091792~0.06956515~0.1391303~0.06956515, LightFixture><830.42><663.1783><SlimeMoldLight~49.32056~-74.00006~20, ScavengerTreasury><993.5836><616.9858><-25.59998~106.4, LightBeam><1046.244><126.005><119.4666~-174.7556~-1249.956~-174.0444~-1247.822~16.35558~-124.4447~94.57782~0.1062801~0.6879226~0.5797099~0~None~0.1545894~0, ScavengerTreasury><27.05><629.6042><91.73334~-61.42224, LanternOnStick><127.2795><652.6494><9.244476~-69.95551, LanternOnStick><-17.68826><700.174><-9.244415~-38.66666, CustomDecal><552.6726><571.8395><-16.35565~204.9778~305.2445~200~298.1332~-4.266663~-669.8666~-235.3778~0~1~0~lc_toll1c~0.5~0~0.5~0~0.5~0~0.5~0, 
AmbientSounds: SPOT><AM_IND-DeepHum.ogg><664.3641><617.0845><0.9173909><0.6939125><121.7419><563.129><61.3558><-90.82196><0><0.161836, OMNI><Noise Wind.wav><1.284073><246.1121><0.2603866><0.1930435, SPOT><SO_IND-Boiler.ogg><425.6636><608.7329><0.391788><1><412.108><521.3551><3.044556><-89.39984><0><0.1772952, SPOT><Weird Deep Hole.wav><721.1011><352.1994><0.07487886><1><422.3901><390.6883><-54.55536><-70.91095><0><0.1772945, 
FadePalette: 5, 0.1391305
BackgroundOffset: -439.6155,0
