Grime: 0.6086956
Palette: 10
Effects: Fog-0.2065217-20-20, 
PlacedObjects: CustomDecal><611.3076><0.05847168><7~245~167~245~157~-12~-396~139~0.6413044~1~0~cityred~0.423913~1~0.423913~1~0.423913~1~0.423913~1, CustomDecal><184.0456><153.1947><17~771~1370~767~1365~-278~38~-62~0~1~0~greybones~0.1413043~1~0.173913~1~0.1847826~1~0.1956522~1, CustomDecal><520.6908><163.8099><0~767~-1360~766~-1373~-313~13~-440~0~1~0~greybones~0.1086956~1~0.1304348~1~0.1956522~1~0.25~1, CustomDecal><760><7.999998><9~213~196~210~188~-11~-396~139~0.6413044~1~0~cityred~0.423913~1~0.423913~1~0.423913~1~0.423913~1, CustomDecal><973><1.999998><10~228~371~213~369~-15~-396~139~0.6413044~1~0~cityred~0.3586957~1~0.3586957~1~0.3586957~1~0.3586957~1, CustomDecal><924><219><7~178~92~178~84~-3~-396~139~0.6413044~1~0~cityred~0.423913~1~0.423913~1~0.423913~1~0.423913~1, CustomDecal><1129><223><7~178~92~178~84~-3~-396~139~0.6413044~1~0~cityred~0.423913~1~0.423913~1~0.423913~1~0.423913~1, CustomDecal><532.3232><1.936125><15~451~970~555~1001~-207~-291~268~0.6521739~1~0~blackrust1~0.5869565~1~0.4021739~1~0.3152174~1~0.3695652~1, 
FadePalette: 2000, 1
MorePalette0: 148, 0.1304348
MorePalette1: 51, 0.1086956
MorePalette2: 10, 0.1304348
MorePalette3: 0, 0.1521739
