Clouds: 0.7065217
Grime: 0.3586957
BkgDroneVolume: 0
BkgDroneNoThreatVolume: 0
Palette: 27
EffectColorA: 11
EffectColorB: 7
Effects: Fog-0.2065217-20-20, Dustpuffs-0.7717391-159-84, LightRain-0.5-190-134, ExtraLoudThunder-1-300-30, Flies-0.1086956-325-93, ReplaceEffectColorA-0.2282609-523-206-Color-0.4347826-0.6739131-0.8804348, ReplaceEffectColorB-0-697-346-Color-0.3152174-0.4456522-0.25, 
PlacedObjects: InsectGroup><335.4154><250.5688><-119~91~0~0~RockFlea~0.173913, LightSource><234.1073><451.5812><0.3043478~EffectColor1~-154~-39~-95~103.6025~1~0~None~0~0, LightSource><431.1652><229.3628><0.173913~EffectColor2~7~142~69~104.6025~1~0~None~0~0, LightSource><56.00003><410><0.1521739~EffectColor2~7~142~-6~-361.3975~1~0~None~0~0, LightSource><380><444><0.1086956~EffectColor2~7~142~-225~-449.3975~1~0~None~0~0, LightSource><551><771><0.1739144~EffectColor2~150~-211~-297~-579.3975~1~0~None~0~0, CustomDecal><326.1885><537.0669><24~675~840~677~783~-420~42~-371~0~1~0~greensurface~0.2934783~1~0.423913~1~0.3586957~1~0.423913~1, CustomDecal><360.0401><178.3041><-9~-465~939~-497~1020~230~-278~-450~0~1~0~greensurface~0.4673913~1~0.3586957~1~0.423913~1~0.4456522~1, CustomDecal><19.44339><194.9488><14~259~463~352~420~-98~374~-464~0~0.3152174~0~greensurface~0.1956522~1~0.2717391~1~0.3478261~1~0.25~1, CustomDecal><-80.65973><254.1297><31~484~736~261~746~-240~587~-523~0.1847826~1~0~greensurface~0.3804348~1~0.4891304~1~0.3478261~1~0.4456522~1, CustomDecal><516.4493><356.4832><45~745~1016~740~949~-307~-291~-612~0.3152174~1~0~concretestain1~0.4782609~1~0.4347826~1~0.5217391~1~0.4673913~1, CustomDecal><98.87244><49.09598><-13~457~568~598~579~-143~456~-295~0~0.3152174~0~rust1~0.1413043~1~0.25~1~0.2826087~1~0.326087~1, CustomDecal><70.63724><7.665159><47~483~902~465~895~-363~101~-206~0.326087~1~0~rust1~0.326087~1~0.1847826~1~0.1630435~1~0.2282609~1, 
AmbientSounds: OMNI><am_env-cricketswnd.ogg><784.3022><625.2798><0.6304348><1, OMNI><am_env-lightwind.ogg><590.9149><610.8632><0.3478261><0.9021739, SPOT><am_ind-utility01.ogg><471.057><494.9475><0.2934783><0.9413043><112.057><322.9475><381.6447><105.6447><0.1086956><0.2304349, SPOT><am_env-outside.ogg><403.3047><595.9567><0.6521739><1.019565><628.3047><693.9194><-145.3553><-415.3553><0><0.08913057, SPOT><am_ind-deephum.ogg><21.05835><439.0573><0.3913043><1.019565><19.05835><335.0573><206.6447><-91.35535><0><0.078261, SPOT><am_env-windgrass.ogg><255.9708><310.1978><0.4130435><0.9608696><491.9708><158.1978><-82.35535><60.64465><0><0.08913057, SPOT><am_rain-mehthunder.ogg><185.3742><464.8445><0.6413044><1><554.3742><335.8445><329.6447><233.6447><0><0.1, SPOT><am_rain-rollingthunder.ogg><842.0391><562.8038><0.2717391><0.726087><1041.039><649.8038><-600.3553><-426.3553><0><0.08913057, SPOT><am_rain-rumbles.ogg><876.8602><581.5831><0.3478261><0.9804348><1113.86><708.5831><-798.3553><-581.3553><0><0.05652187, SPOT><am_win-howlingwnd.ogg><587.8585><464.332><0.3152174><1><571.8585><708.332><-48.35535><-381.3553><0><0.02391318, SPOT><so_nat-lildrips.ogg><699.4876><516.6996><0.3478261><1><433.4876><457.6996><-69.35535><-151.3553><0><0.1217393, SPOT><so_wat-tubwater.ogg><787.0504><13.76315><0.3152174><1.058696><706.0504><4.763157><-170.3553><248.6447><0><0.1217393, SPOT><so_wat-properdrips.ogg><-7.847107><177.3252><0.423913><0.5891304><127.1529><413.3252><-28.35535><-124.3553><0><0.1, SPOT><so_wat-openflow.ogg><191.7855><441.9468><0.4021739><0.9608696><481.7856><9.946812><-317.3553><298.6447><0><0.1108697, 
FadePalette: 1, 0.3804348
MorePalette0: 5, 0.1304348
MorePalette1: 9, 0.1956522
MorePalette2: 7, 0.04347826
MorePalette3: 13, 0.1956522
MorePalette4: 14, 0.1086956
MorePalette5: 10, 0.1086956
MorePalette6: 33, 0.2826087
