Template: NONE
DangerType: Flood
CeilingDrips: 1
WaveSpeed: 0.6508218
WaveLength: 0.9245891
WaveAmplitude: 8.945874E-12
SecondWaveLength: 0.1666667
SecondWaveAmplitude: 0
Clouds: 0.4130435
Grime: 0
Palette: 33
EffectColorA: 1
EffectColorB: 16
Effects: Fog-0.8586956-20-20, Coldness-0.5543478-30-30, FireFlies-0.5434783-40-40, Moth-1-50-50, ReplaceEffectColorB-0.2173913-770-320-Color-0.6195652-0.423913-0, 
PlacedObjects: SSLightRod><471.5607><253.8145><219.3204~258~0.3695652~0~79.99998~0, SSLightRod><472.557><330.9474><226.3204~191~0.3804348~315~63.47823~0, SSLightRod><431.7188><194.6976><195.3205~308~0.3913043~0~80~0, SSLightRod><432.8489><272.4238><179.3206~215~0.3913043~315~55.21737~0, SSLightRod><489.9962><350.7><120.3205~142~0.3913043~0~80~0, SSLightRod><510.0709><246.9109><79.32043~202~0.3695652~0~80~0, SSLightRod><510.6173><323.8503><12.3205~147~0.3804348~45~80~0, SSLightRod><848.3347><203.3875><76.32056~-251~0.3804348~0~187.3908~0, SSLightRod><809.653><325.6211><96.32056~-399~0.3695652~0~80~0, SSLightRod><886.3442><316.6255><37.32056~-384~0.3804348~0~80~0, SSLightRod><805.5201><189.699><115.3206~-284~0.3695652~0~80~0, SSLightRod><806.0394><267.696><113.3206~-319~0.3695652~315~80~0, SSLightRod><888.3944><190.4199><17.32051~-10~0.3695652~0~80~0, SSLightRod><887.0652><269.5764><33.32056~-247~0.3804348~45~80~0, SSLightRod><1214.178><340.5902><192.3205~275~0.3695652~0~40~0, SSLightRod><1214.398><375.384><-11.6795~245~0.3913043~45~46.95649~0, SSLightRod><1214.187><373.4295><-18.6795~244~0.3913043~315~55.21737~0, SSLightRod><1177.875><215.6564><333.3205~310~0.3695652~0~80~0, SSLightRod><1177.149><288.6171><44.3205~321~0.3586957~315~80~0, SSLightRod><1237.804><277.9599><-61.6795~342~0.3695652~45~80~0, SSLightRod><1216.281><245.6977><-17.6795~373~0.3695652~0~80~0, SSLightRod><1217.195><322.2073><-83.6795~294~0.3913043~45~81.30434~0, SSLightRod><1211.624><320.0931><36.3205~126~0.3913043~315~80~0, GooieDuck><1212.002><442.8><0~0~2~3, GooieDuck><1471.15><471.1321><0~0~2~3, SSLightRod><1539.457><304.3046><-186.6795~43~0.3913043~315~80~0, SSLightRod><1926.304><216.9616><-728.6794~397~0.3913043~0~195.6516~0, SSLightRod><1881.697><254.7145><-621.6794~197~0.3804348~0~121.3038~0, SSLightRod><1966.199><236.226><-808.6794~386~0.3804348~0~162.6087~0, SSLightRod><1846.623><237.5952><-623.6794~384~0.3804348~0~80~0, SSLightRod><1846.841><235.8219><-640.6794~389~0.3804348~135~80~0, SSLightRod><2005.246><236.55><-403.6794~23~0.3804348~0~80~0, SSLightRod><2353.716><243.197><-101.6795~375~0.3695652~0~104.7826~0, SSLightRod><2298.917><269.111><-84.6795~354~0.3695652~0~162.6087~0, SSLightRod><2323.418><360.6825><-102.6795~260~0.3804348~45~40~0, SSLightRod><2268.296><359.5553><-44.6795~257~0.3913043~315~40~0, SSLightRod><2235.626><238.8433><-24.6795~379~0.3695652~0~113.0435~0, SSLightRod><2646.138><316.1655><-407.6795~300~0.369565~0~104.7825~0, SSLightRod><2624.807><354.801><-464.6795~258~0.3913041~315~40~0, SSLightRod><2679.92><357.3547><-358.6795~259~0.3913048~45~40~0, SSLightRod><2569.564><254.5729><-383.6795~365~0.3913043~0~113.0435~0, SSLightRod><2609.422><235.8987><-250.6795~383~0.369565~0~96.52168~0, SSLightRod><2648.931><211.9378><-395.6795~407~0.3913041~0~96.52168~0, SSLightRod><2691.308><226.6947><-433.6795~389~0.3913048~0~113.0434~0, SSLightRod><2731.05><247.0125><-481.6795~371~0.3695652~0~104.7821~0, 
AmbientSounds: OMNI><AM_ENV-SubTerr.ogg><718.8><419.4991><0.1956522><1, OMNI><SO_NAT-LilDrips.ogg><729.678><220.0912><0.3586957><1, OMNI><SO_SFX-DeepLake.ogg><795.6998><368.5089><0.2608696><1, OMNI><SO_SFX-LakeBottom.ogg><736.2392><214.5503><0.3152174><1, OMNI><Weird Deep Hole.wav><723.6769><299.5934><0.3695652><1, 
