Template: NONE
DangerType: Flood
Clouds: 0.9565217
Grime: 0
Palette: 38
EffectColorB: 2
PlacedObjects: LightningMachine><287.6873><358.6796><602~93~0~0~-26~1.602539~115~0~0.1630435~0~0~1~0.7999997~0.4565217~1~1~3~0.7173913~0~1~1, LittlePlanet><480.3079><338.3085><-3~40~Color(~1~0~0~)~Alpha:~1~-415~157~Speed:~1.413043, LightningMachine><660.3591><354.9176><540~-92~0~0~37~0.6025391~-100~-4.371139E-06~0.1434784~0~0~1~0.7999997~0.4413041~1~1~3~0.7173913~0~1~0, LightningMachine><484.4046><494.8768><424~-13~0~0~-2~62.60254~-1~-55~0.1652175~0~0~1~0.7999997~0.4521737~1~1~3~0.7173913~0~1~0, 
FadePalette: 39, 0.2065217
