Template: NONE
Grime: 0.75
Palette: 13
PlacedObjects: LightSource><89.69197><86.44392><0.173913~Environment~1071~883~24~-131.3975~0~1~None~0~0, LightSource><1234.599><70.67326><0.1413043~Environment~-457~912~50~86.60254~0~1~None~0~0, LightSource><455.6556><86.62555><0.08695652~Environment~787~727~-396~-130.3975~0~1~None~0~0, LightSource><1288.522><100.3012><0.1521739~Environment~1076~497~50~86.60254~1~1~None~0~0, LightSource><413.5828><130.6821><0.1956522~Environment~1262~585~-377~-169.3975~0~1~None~0~0, LightSource><184.6571><111.6238><0.1304348~Environment~1336~544~-45~-154.3975~0~1~None~0~0, LightSource><1318.117><80.58766><0.1521739~Environment~-1876~1060~50~86.60254~0~1~None~0~0, LightSource><62.8329><135.6401><0.07608695~Environment~980~634~8~-175.3975~0~1~None~0~0, CustomDecal><160.1995><78.01477><-98~883~909~900~853~-64~-355~55.00002~0~1~0~blackrust1~0.3152174~1~0.3152174~1~0.3152174~1~0.3152174~1, CustomDecal><749.3002><304.2404><-37~527~537~655~538~-188~-948~-12~0~1~0~blackrust1~0.3695652~1~0.3695652~1~0.3695652~1~0.3695652~1, CustomDecal><283.8311><288.643><-56~484~399~693~351~24~-470~33.99998~0~1~0~rust1~0.2826087~0.8913044~0.2826087~0.8913044~0.2826087~0.8913044~0.2826087~0.8913044, CustomDecal><798.4283><373.6594><-72~612~373~585~425~-215~-731~-68~0~1~0~rust2~0.2608696~1~0.2608696~1~0.2608696~1~0.2608696~1, CustomDecal><578.8497><33.82663><-25~160~310~185~298~-5~-767~50.99998~0~1~0~bigwhiteeyes~0.2826087~1~0.2826087~1~0.2826087~1~0.2826087~1, ShortcutColor><789.5554><632.9538><100~50~0.3043478~0.2934783~0.2717391~234^8, ShortcutColor><746.9061><62.87497><100~50~0.4347826~0.4021739~0.3804348~80^0, CellDistortion><550.7519><608.3><880~81~50~86.60254~1~0~0~0, 
FadePalette: 51, 0.3913043
MorePalette0: 33, 0.3586957
