Template: NONE
WaveSpeed: 0.4405138
WaveLength: 0.9201736
WaveAmplitude: 0.0004200676
SecondWaveLength: 0.1666667
SecondWaveAmplitude: 0
Clouds: 0.05082669
Grime: 1
Palette: 22
EffectColorA: 3
EffectColorB: 18
Effects: Desaturation-0.8197237-20-20, Darkness-0.796524-30-30, 
PlacedObjects: LightSource><475.7886><731.757><0.3369565~Environment~229~-488~-55.88129~-339.042~1~0~None~0~0, LightBeam><122.3591><-56.35803><272.7666~860.3111~446.0792~859.8889~750~0~-87.40414~155.7556~0.07537344~0.2238793~0~1~None~0~0, CustomDecal><69.25989><23.749><121.6594~777.4221~703.7911~771.0222~869.5608~-0.7110956~-169.3271~238.9333~0.3634625~1~0~bubosquid~0.05413271~0.59546~0.01546644~0.2266759~0.07201054~0.6906705~0.0720102~0.2498759, CustomDecal><168.5388><152.4714><2.845795~-339.7333~631.2219~-427.9111~597.7833~4.977772~-325.1365~89.60001~0.6263925~1~0~dirtywaterline~0.04881104~1~0.04881104~1~0.04881104~1~0.04881104~1, CustomDecal><366.7039><656.0049><-12.09485~225.6~218.576~231.2889~231.3823~-1.422211~-446.7959~-388.9778~0.1546644~0.4432065~0~rustb3~0.2448027~1~0.5463993~1~0.1288041~1~0.4149342~1, 
AmbientSounds: OMNI><AM_ENV-CityTone.ogg><752.3554><520.8162><0.5464><0.3040078, SPOT><Deep Weird Wind.wav><788.2275><417.2194><0.206137><0.3596869><477.7974><24.95264><-244.5241><111.1335><0><0.4093296, SPOT><AM_WIN_Hilltop.ogg><556.4977><374.5985><0.6469322><0.7076837><480.8488><803.6652><-18.2804><-43.88873><0><0.2314652, 
FadePalette: 19, 0.4722033
