Template: NONE
Clouds: 0.1956522
Grime: 0.75
Palette: 1
EffectColorA: 14
Effects: SkyBloom-0.3586957-20-20, 
PlacedObjects: CustomDecal><94.05542><-22.70381><-50~774~807~760~768~-4~794~301~0.2065217~0.75~0~rustb1~0.173913~1~0.2391304~1~0.6630435~1~0.7826087~1, InsectGroup><480.699><399.0203><-192~65~0~0~RedSwarmer~0.5, LightSource><457.5959><314.6226><0.1521739~Environment~-350~-178~50~86.60254~1~1~None~0~0, LightBeam><341.6947><153.6922><-155~588~406~592~246~2~590~-41~0.1934781~0.07608695~0.2608696~1~None~0~0, 
FadePalette: 3, 0.5
MorePalette0: 0, 0.2065217
