Template: NONE
Clouds: 0.2173913
Grime: 0.5
Palette: 18
EffectColorB: 0
Effects: Flies-0.05434782-40-40, Wasp-0.3043478-70-107, 
PlacedObjects: DangleFruit><209.8001><448.7571><0~0~2~3, DangleFruit><144.1908><472.8101><0~0~2~3, LightSource><1024.552><625.9731><0.2934783~Environment~-851~-295~-1025~-260.3975~1~1~None~0~0, CustomDecal><560.6091><170.858><-20~216~287~185~270~-3~365~-374~0.173913~1~0~ghostling1~0.7282609~0.2608696~0.6195652~0.2608696~0.6630435~0.2608696~0.5~0.4456522, CustomDecal><584.9752><-41.69846><-40~416~261~408~204~-4~-291~30~0.1847826~1~0~rustb3~0.6195652~0.326087~0.6086956~0.326087~0.4347826~0.5217391~0.4021739~0.6847826, CustomDecal><557.1541><325.8776><-32~81~208~142~160~7~308~-194~0.173913~1~0.1521739~junkgraffiti3~0.4565217~0.1413043~0.3804348~0.1413043~0.4456522~0.1413043~0.4021739~0.1413043, 
FadePalette: 198, 0.5869565
MorePalette0: 3, 0.1847826
