Template: NONE
Grime: 0.3685993
Palette: 29
EffectColorB: 16
Effects: Contrast-0.06521739-20-20, AboveCloudsView-0.5-209-71, 
PlacedObjects: LightSource><1175.044><693.2646><0.2038654~Environment~-1186.133~-576.9778~-272.1334~-222.7314~0~1~None~0~0, ReliableSpear><1886.564><160.9454><, ReliableSpear><2021.506><147.95><, CustomDecal><268.2707><513.5333><-8~154~212~143~175~-19~-67~-377~0.04347826~1~0.423913~qvl~0.7608696~0.7716569~0.7934783~0.4129612~0.8695652~0.6412221~0.1521792~1, 
AmbientSounds: OMNI><AM_WIN_Hilltop.ogg><703.8094><461.5606><0.8260869><0.7456522, OMNI><AM_WIN-HowlingWnd.ogg><629.1008><333.6168><0.2173913><1.273913, SPOT><SO_IND-Deep50hz.ogg><503.861><546.1439><0.2826087><0.823913><120.861><235.1439><-63.35535><-91.35535><0><0.2847827, SPOT><SO_SFX-Data2.ogg><832.5715><334.3403><0.2826087><0.7847826><148.5715><278.3403><0.6446533><-30.35535><0><0.1869567, SPOT><AM_IND-Utility02.ogg><719.0688><552.3348><0.6304348><0.8043478><2039.057><189.3348><-39.35535><263.6447><0.1304348><0.1326088, SPOT><AM_SUB-MysticCave2.ogg><681.6632><200.3844><0.4891304><0.4521739><185.6632><240.3844><-58.35535><-64.35535><0><0.1000001, SPOT><AM_IND-Fabrik01.ogg><770.2371><159.3004><0.4347826><0.4130435><1048.237><496.3004><-597.3553><-517.3553><0><0.1652175, 
FadePalette: 13, 0.3893721, 0.2318842
MorePalette0: 8, 0.1159422, 0.0927542
BackgroundOffset: 0,760.8694
