Template: NONE
WaveSpeed: 0.4859163
WaveLength: 0.9428748
WaveAmplitude: 0.006550212
SecondWaveLength: 0.1666667
SecondWaveAmplitude: 0
Grime: 0
Palette: 8
EffectColorA: 2
EffectColorB: 3
Effects: Advertisements-1-20-20, 
PlacedObjects: Lantern><1585.984><505.9494><0~0~4~9, 
FadePalette: 4, 0.1521739, 0.1630435
