Template: NONE
Clouds: 0.2282609
Palette: 11
EffectColorA: 7
EffectColorB: 5
PlacedObjects: CustomDecal><1029.199><371.2281><30~233~579~200~556~-24~839~-9~0.6739131~0.75~0.6086956~faceandtag~0.5652174~0.1304348~0.25~0.1304348~0.2608696~0.1304348~0.326087~0.1304348, CustomDecal><636.7783><190.552><-251~456~711~528~650~-29~955~155~0.2282609~0.3478261~0.326087~scavmark gw_a24~1~0.08695652~0.4565217~0.08695652~0.6847826~0.08695652~0.1521739~0.08695652, CustomDecal><1190.559><280.4396><-9~63~509~66~501~-13~685~-257~0~1~1~scav wedges2~0.7826087~0.1413043~0.2173913~0.1413043~0.1956522~0.1413043~0.7934783~0.1413043, CustomDecal><176.6367><205.646><-260~385~145~353~158~8~-368~-58~0~1~1~rust1~0.2173913~1~0.423913~1~0.3804348~1~0~1, CustomDecal><149.4249><415.8146><-21~101~160~125~171~-9~360~-64~0~1~1~oda~0~0.5543478~0~0.5543478~0~0.5543478~0~0.5543478, ScavengerOutpost><935.9683><254.5525><-36~280~-122~104~0.4565217~84~28, CustomDecal><1219.611><599.8561><224~179~386~-19~-146~-95~-122~-403~0~1~0.3913043~rust2~0.4782609~0.8152174~0~0.8152174~0.2282609~0.8152174~0.173913~0.8152174, CustomDecal><1512.184><384.4371><8~171~170~177~122~51~93~-365~0.2934783~1~1~lc_scavmarks8~0~0.1956522~0~0.1956522~0.7391304~0.1956522~0.6956522~0.1956522, CustomDecal><1321.479><497.0511><132~216~380~218~319~27~-1~-363~0.5652174~1~0.4347826~rustb3~0.3043478~0.1956522~0.4021739~0.2934783~0.5217391~0.2934783~0.2826087~0.2934783, CustomDecal><437.4323><140.9382><-17~26~239~151~258~114~379~176~0~0.1195652~0.01086957~scav wedges2~1~0.1086956~0.1413043~0.1086956~1~0.1086956~0.1521739~0.1086956, CustomDecal><364.3548><160.8875><-19~123~294~140~296~-2~-303~81~0.3369565~0.3695652~0.1086956~chaoticb&w2~0.2717391~0.1195652~0.4347826~0.5543478~0.2934783~0.173913~0.2608696~0.5108696, CustomDecal><579.1644><364.8638><-19~193~267~267~309~60~-234~-71~0.5760869~0.7173913~0~lc_scavmarks5~0.25~0.1413043~0.4456522~0.1413043~0.2608696~0.1413043~0.5869565~0.1413043, CustomDecal><1011.143><609.4189><368~35~362~-47~-45~-137~305~-169~0~1~0.3913043~rust2~0.5~0.6195652~0.5~0.6195652~0.5~0.6195652~0.5~0.6195652, CustomDecal><1289.113><137.0852><-27~93~228~121~210~14~-301~11~0.3152174~0.4130435~0~whitetag12(bigo)~0.5869565~0.4891304~0.4130435~0.4891304~0.4782609~0.4891304~0.75~0.4891304, CustomDecal><1050.051><182.4852><-25~75~64~97~83~24~-11~175~0~0.06521739~0~scavmark~0.2826087~0.1630435~0.7826087~0.1630435~0.4782609~0.1630435~0.6847826~0.1630435, WaterNut><1584.477><675.4487><0~0~2~3, WaterNut><316.136><650.5857><0~0~2~3, WaterNut><1610.309><688.6911><0~0~2~3, WaterNut><353.3215><633.8132><0~0~2~3, CustomDecal><1294.346><246.8777><-5~43~212~44~212~8~429~30~0~0.2282609~0~scav wedges~0.5~0.1521739~0.09782609~0.1521739~0.4891304~0.1521739~0.08695652~0.1521739, 
FadePalette: 35, 0.6413044, 0.6413044
