Template: NONE
Grime: 0.2826087
Palette: 2
EffectColorB: 5
Effects: Bloom-0.4891304-20-20, 
PlacedObjects: LightSource><-45.63922><663.8936><0.06521739~Environment~1205~-687~-48~-244.3975~1~1~None~0~0, LightSource><896><700><0.06521739~Environment~1205~-687~-48~-244.3975~1~1~None~0~0, CustomDecal><94.42365><-46.43488><236~757~1205~758~1391~8~495~36~0~1~0~dirtywaterline~0.1304348~1~0.3695652~1~0.4673913~1~0.3695652~1, CustomDecal><-439><2><236~757~1379~787~1561~-180~332~332~0~1~0~dirtywaterline~0.5217391~1~0.4130435~1~0.8260869~1~0.3695652~1, CustomDecal><-140.6238><-35.34483><2~745~1354~737~1351~-1~3~0.9999847~0~1~0.4456522~bigorangefacea~0.1086956~1~0~1~0.1630435~1~0.1304348~1, CustomDecal><-217><-42><2~745~1354~737~1351~-1~153~328~0~1~0.4456522~junkgraffiti6~0.4891304~1~0.6195652~1~0.2282609~1~0.3369565~1, CustomDecal><413.6875><212.0696><-18~106~98~119~104~8~-352~-229~0~0.05434782~0.1521739~whitetag2~0.2608696~0.3804348~0.173913~0.6195652~0.2065217~0.4891304~0.1086956~0.3695652, CustomDecal><646><446><-4~50~96~98~100~17~-352~-229~0~0.3369565~0.1521739~whitetag3~0.3804348~0.3804348~0.25~0.6195652~0.3369565~0.4891304~0.173913~0.3695652, CustomDecal><686><500><-2~107~109~120~100~17~-84~-411~0~0.3369565~0.1521739~whitetag10~0.2608696~0.3804348~0.4673913~0.6195652~0.07608695~0.4891304~0.173913~0.3695652, InsectGroup><485.1998><502.5092><84~154~0~0~TinyDragonFly~0.2391304, 
AmbientSounds: OMNI><AM_IND-12thFloor.ogg><161.3165><350.9386><0.423913><0.6869565, OMNI><AM_ENV-Outside.ogg><127.8081><462.1936><0.5434769><1.117394, OMNI><AM_ENV-NatWind.ogg><721.2562><492.0501><0.5652174><1.058696, 
FadePalette: 0, 0.8260869
MorePalette0: 19, 0.5760869
MorePalette1: 8, 0.1413043
MorePalette2: 11, 0.08695652
