Template: NONE
CeilingDrips: 0.3994681
Clouds: 0.7346583
Grime: 0.182937
BkgDroneVolume: 0
Palette: 26
EffectColorA: 1
EffectColorB: 2
Effects: ReplaceEffectColorA-0.1546649-18.57709-59.84167-Color-0.1778647-0.9125227-0.8298688, ReplaceEffectColorB-0.3015969-282.5281-62.6875-Color-0.6210712-0-0.5413268, Bloom-0.5026607-268.2989-201.4219, 
PlacedObjects: LightSource><1502.415><682.1837><0.1338766~EffectColor2~-50.51367~-214.4645~368.7334~-94.8194~0~0~None~0~0, LightSource><1436.323><279.3447><0.0720102~EffectColor1~-168.6156~108.5375~50~86.60254~0~1~None~0~0, LightSource><1569.547><249.9188><0.07974376~EffectColor1~167.9041~-57.2323~173.7938~118.6182~0~1~None~0~0, LightSource><1433.721><204.8276><0.04881088~EffectColor1~-98.18127~109.9604~-208.2593~147.788~0~1~None~0~0, FlyLure><713.6029><179.226><-217.7062~-151.5406~4~9, GooieDuck><2280.65><324.5251><100.3156~28.45828~2~3, GooieDuck><2223.525><230.2369><0~0~2~3, CustomDecal><56.03979><254.2833><2.134338~203.6354~388.6146~207.9041~384.3458~-38.41873~-215.5719~-339.3657~0.3170629~1~0~rust1~0.6674705~0.8042574~0.4896059~0.8042574~0.4896059~0.8042574~0.4896059~0.8042574, CustomDecal><732.8029><173.0028><-32.72717~322.4489~257.7062~327.4291~229.9593~0.7114563~-286.7177~-88.22083~0.2783966~1~0~rust2~0.7293363~0.3557288~0.5901383~0.3557288~0.4277397~0.3557288~0.5901383~0.3557288, 
AmbientSounds: SPOT><SO_WAT-LightFlow.ogg><853.7476><448.3087><0.5><1><2711.131><311.9731><-90.84906><-97.2522><0><0.3938652, SPOT><SO_WAT-ProperDrips.ogg><675.2375><446.587><0.5><1><2364.717><254.0464><-243.8127><-2.628235><0><0.1, SPOT><SO_WAT-RunningWater.ogg><852.5099><332.2713><0.2989349><1><2712.028><178.1494><-65.948><-1.205353><0><0.1154666, SPOT><Deep Weird Wind.wav><613.7266><31.6438><0.3685343><0.9025608><1507.584><278.073><-344.8398><-16.85742><0><0.7031927, SPOT><SO_SFX-GlassGhost.ogg><825.2499><43.90408><0.2525376><1><1507.804><147.3302><-157.7261><4.486328><0.4175939><0.4093296, SPOT><AM_ENV-SubTerr.ogg><168.9514><21.4053><0.5463993><1><293.9337><318.7314><634.127><-14.72308><0><0.2623981, SPOT><AM_IND-DeepHum.ogg><740.8086><204.1639><0.5077342><1><1499.489><240.0014><-186.1845><6.620697><0><0.1695994, SPOT><AM_SUB-BlankState.ogg><405.851><31.9393><0.6005329><1><453.9957><292.981><40.77069><-131.4022><0><0.2314652, SPOT><AM_IND-50hz.ogg><235.5684><309.6288><0.3608004><0.8747224><337.0726><426.2445><-41.047><-103.6554><0.05413221><0.1927988, SPOT><AM_IND-50hz.ogg><232.5956><191.6676><0.3530675><0.9164812><628.6436><451.9978><-59.54486><-97.25217><0><0.1541327, SPOT><AM_SUB-BlankState.ogg><475.2822><450.5181><0.7087986><0.8886416><2415.906><238.7682><-225.3147><15.86966><0><0.2469317, 
FadePalette: 1, 0.5026607, 0.5026607, 0.502661
WetTerrain: OFF
