Template: NONE
Clouds: 0.5
Grime: 0.1630435
Palette: 60
EffectColorA: 2
EffectColorB: 18
Effects: Fog-0.25-20-20, 
PlacedObjects: LightSource><475.8693><356.6514><0.05434782~Environment~706~384~50~86.60254~0~1~None~0~0, 
FadePalette: 12, 0.3043478
MorePalette0: 22, 0.5978261
