Template: NONE
DangerType: Rain
WaveSpeed: 0.5
WaveLength: 0.75
WaveAmplitude: 0.04738326
SecondWaveLength: 0.1666667
SecondWaveAmplitude: 0
Clouds: 0.2065217
Grime: 0.1086956
Palette: 454
EffectColorA: 0
EffectColorB: 0
Effects: ReplaceEffectColorA-0-151-79-Color-1-0.5326087-0.7608696, ReplaceEffectColorB-0-476-29-Color-0.8260869-0.1630435-0.8695652, Moth-0.2065217-416-151, SkyDandelions-0.75-454-204, FairyParticles-0.4021739-469-265, SkyBloom-0.5-181-16, RedSwarmer-0.1086956-2-34, Desaturation-1-552-391, 
PlacedObjects: FairyParticleSettings><732.1895><891.0641><31~40.66025~0~2.630416~2.086938~1~1~3.632372~60~180~40~100~5~30~86.08725~105.652~0~0~0.3043478~0.3043478~0.6086956~0.6086956~0.5~0.75~5.382613~Leaf~SIN_IO~SIN_IO~0~0~1.086957, LightSource><1856.553><1495.053><0.1086956~Environment~3405~-760~130~-504.3975~1~1~None~0~0, LightSource><4.652588><1494.13><0.2065217~Environment~1163~-643~285~-745.3975~1~1~None~0~0, LightSource><3133><1460><0.1521739~Environment~1163~-643~-403~-190.3975~1~1~None~0~0, CustomDecal><312.5956><1122.579><-8~100~297~192~304~93~-121~-407~0.3152174~1~0~cityred~0.8586956~0~0.8586956~0~0.8586956~0~0.8586956~0, CustomDecal><308><1318><-8~94~297~192~303~95~-121~-407~0.3152174~1~0~cityred~0.8586956~0~0.8586956~0~0.8586956~0~0.8586956~0, CustomDecal><344><938.0002><-7~93~297~192~303~95~-321~-151~0.3586957~1~0~cityred~0.8043478~0~0.8043478~0~0.8043478~0~0.8043478~0, CustomDecal><306.8882><1027.356><-118~545~364~575~408~-18~396~-302~0.2934783~1~0~blackrust1~0.3043478~1~0.3043478~1~0.3043478~1~0.3043478~1, CustomDecal><302><777.0002><-189~600~466~617~492~-20~395~-27~0.2934783~1~0~hoko can~0.2065217~1~0.2065217~1~0.2065217~1~0.2065217~1, LightBeam><103.8695><-16.14265><-170~743~-171~1215~514~-5~417~340~0.1826089~0~0.8043478~1~None~0~0, LightBeam><3336><-36><114~764~5~1546~-518~5~-833~407~0.2260875~0~0.8043478~1~None~0~0, LightSource><2529><34><0.2065217~Environment~1358~-697~-39~348.6025~1~1~None~0~0, LightSource><511><-22><0.2065217~Environment~1358~-697~-39~348.6025~1~1~None~0~0, LightSource><1595><14><0.1413043~Environment~1163~-643~-325~123.6025~1~1~None~0~0, CustomDecal><-65><-27.99976><-53~544~3398~620~3397~-40~569~214~0~1~0~blackrust1~0.25~1~0.25~1~0.25~1~0.25~1, CustomDecal><161><409><-58~287~146~295~217~49~387~-152~0.1521739~1~0~blackrust1~0.5543478~1~0.5543478~1~0.5543478~1~0.5543478~1, CustomDecal><2864><324><-58~287~146~295~158~42~-448~-149~0.1521739~1~0~blackrust1~0.5543478~1~0.5543478~1~0.5543478~1~0.5543478~1, Vine><2448.456><538.1951><201~-31, Vine><363.9475><526.193><-167~149, Vine><2381.939><539.3153><-315~-30, LocalBlizzard><1787.249><1232.689><-2389~366~50~86.60254~0.1521739~0.6086956~0.4891301, DandelionPatch><555.835><1108.069><-411~338, DandelionPatch><1879><1052><-314~217, DandelionPatch><2866><1056><-141~92, LightSource><2535.303><472.5334><0.5543478~Environment~-60~190~40~-199.3975~1~0~None~0~0, Vine><1093.595><269.1231><-135~194, CustomDecal><120><1064><121~483~219~483~139~-16~-91~-330~0.2934783~1~0~blackrust1~0.25~0.7826087~0.25~0.7826087~0.25~0.7826087~0.25~0.7826087, CustomDecal><790><985><-213~519~-97~568~101~47~-327~-202~0.6847826~1~0~blackrust1~0.25~0.6630435~0.25~0.6630435~0.25~0.6630435~0.25~0.6630435, 
AmbientSounds: OMNI><AM_ENV-LightWind.ogg><749.6113><522.856><0.2065217><0.9021739, OMNI><AM_ENV-NatWind.ogg><747.3644><592.086><0.3043478><0.8630434, OMNI><AM_ENV-Outside.ogg><750.6687><446.1425><0.3586957><0.9608696, OMNI><AM_ENV-CricketsWnd.ogg><743.3453><370.6233><0.2065217><1, SPOT><AM_WIN-StrongWnd2.ogg><138.3949><339.6121><0.3043478><0.8826087><-4.605103><1294.612><-103.3553><-349.3553><0><0.1217393, SPOT><AM_WIN-StrongWnd2.ogg><629.4407><138.4397><0.3043478><0.8826087><3343.441><1259.44><-402.3553><-27.35535><0><0.1217393, 
FadePalette: 2, 0.1086956, 0.1086956, 0.1086956, 0.1086956, 0.1086956, 0.1086956
