Template: NONE
Clouds: 0.4949274
Grime: 0.2525359
Palette: 14
EffectColorA: 1
EffectColorB: 6
Effects: Fog-0.255197-20-20, 
PlacedObjects: LightSource><459.8918><476.8898><0.05413221~Environment~1173.906~551.0647~50~86.60254~1~1~None~0~0, 
FadePalette: 0, 1
MorePalette0: 10, 0.4098617
MorePalette1: 60, 0.5050725
