Template: NONE
Clouds: 0
Grime: 0.2717391
Palette: 2
EffectColorA: 18
EffectColorB: 18
Effects: Desaturation-0.7608696-20-20, ReplaceEffectColorA-0-953-353-Color-1-0.6956522-0.6521739, Bloom-0.4456522-30-30, 
PlacedObjects: LightSource><122.1066><253.6105><0.423913~EffectColor1~7~103~-85~-337.3975~1~0~None~0~0, LightSource><719.9149><328.6132><0.09782609~EffectColor2~0~100~-289~-353.3975~1~0~None~0~0, LightSource><1128.842><371.6778><0.3913043~EffectColor1~0~100~50~86.60254~1~0~None~0~0, LightSource><-81.20624><346.3048><0.4456522~EffectColor1~0~100~50~86.60254~1~0~None~0~0, LightSource><315.7465><331.3><0.4347826~EffectColor1~0~100~77~-419.3975~1~0~None~0~0, LightSource><523.5855><293.3863><0.4565217~EffectColor1~0~100~13~-372.3975~1~0~None~0~0, LightSource><923.8542><253.3293><0.4456522~EffectColor1~0~100~50~86.60254~1~0~None~0~0, CustomDecal><-152.3199><-5.837097><-95~763~1327~729~1322~-1~254~-277~0~1~0~rust2~0.1304348~1~0.1304348~1~0.4673913~1~0.4021739~1, CustomDecal><608.4241><165.815><25~240~204~241~215~7~-406~-367~0.05434782~0.6195652~0~greybones~0.1086956~1~0.1086956~1~0.1086956~1~0.1086956~1, CustomDecal><-148.3258><40.18507><10~723~1365~724~1335~4~0~0~0~0.4347826~0~greybones~0.1956522~1~0.1956522~1~0.1956522~1~0.1956522~1, LightSource><127.9331><459.6696><0.02173913~EffectColor1~140~122~-130~-527.3975~1~1~None~0~0, LightSource><332.1856><124.4255><0.04347826~EffectColor1~319~84~70~-115.3975~1~1~None~0~0, LightSource><720.8><139.4984><0.0326087~EffectColor1~324~66~50~86.60254~1~1~None~0~0, LightSource><715.8655><483.648><0.0326087~EffectColor1~117~91~50~86.60254~1~1~None~0~0, LightSource><568.3804><461.1517><0.04347826~Environment~0~100~50~86.60254~1~0~None~0~0, DeadTokenStalk><905.3651><515.3364><-31~123, DeadTokenStalk><1014.125><502.3436><39~109, DeadTokenStalk><530.1141><521.3533><-23~94, DeadTokenStalk><128.4232><545.5999><20~100, DeadTokenStalk><-57.14276><541.64><-30~84, DeadTokenStalk><1107.807><550.4479><18~73, DeadTokenStalk><731.0626><517.6899><-34~101, DeadTokenStalk><426.8125><517.5697><22~104, DeadTokenStalk><332.1871><523.4294><-28~108, DeadTokenStalk><241.0076><526.6998><9~105, DeadTokenStalk><17.17999><517.5872><20~106, 
FadePalette: 8, 0.6630435
