Template: NONE
DangerType: Rain
CeilingDrips: 0.7826087
RainIntensity: 0.4347826
RumbleIntensity: 0.3586957
WaveSpeed: 0.5013555
WaveLength: 0.9993222
WaveAmplitude: 0.0005943886
SecondWaveLength: 0.1666667
SecondWaveAmplitude: 0
Clouds: 0.7539908
Grime: 0.2173913
BkgDroneVolume: 0.3000001
Palette: 10
EffectColorA: 21
EffectColorB: 21
Effects: Fog-0.75-20-20, DayNight-0.5-19-82, LightRain-0.6086956-301-155, Flies-0.1275986-287.7258-102.0352, Beetle-0.1565983-278.6547-27.86562, 
PlacedObjects: CustomDecal><242.563><-40.32104><1~219~92~221~89~-2~612~446~0~1~0~rust3~0.4782609~1~0.4782609~1~0.4782609~1~0.4782609~1, CustomDecal><387.5955><-22.87698><-20~107~306~200~302~79~469~316~0~1~0~lc_pipescrawls~0.2391304~0.8478261~0.2391304~0.8478261~0.2391304~0.8478261~0.2391304~0.8478261, CustomDecal><-25.30466><-9.942383><-13~197~171~196~187~-15~879~275~0.6847826~1~1~the scream~0.2826087~0.8586956~0.2826087~0.8586956~0.2826087~0.8586956~0.2826087~0.8586956, CustomDecal><737.1933><-29.44864><4~163~356~162~364~-1~118.0001~405~0.6739131~1~1~oki~0.3586957~0.7717391~0.3586957~0.7717391~0.3586957~0.7717391~0.3586957~0.7717391, CustomDecal><541.6113><-34.39407><-4~207~73~211~59~-1~314.0001~383~0~1~0~rust2~0.8369565~0~0.8369565~0~0.8369565~0~0.8369565~0, CustomDecal><242.0518><-42.72318><5~208~451~219~460~0~612.9999~363~0~1~1~blackrust1~0.4456522~1~0.4456522~1~0.4456522~1~0.4456522~1, CustomDecal><310.6624><323.3668><-7~86~90~92~123~-4~546~-88~0~0.3152174~0~rust1~0.6304348~0~0.6304348~0~0.6304348~0~0.6304348~0, LightBeam><-192.4259><-33.56422><-10~756~1345~761~1326~-10~1048.109~400.343~0.04130438~1~0.6521739~1~None~0~0, CustomDecal><-101.2785><422.4135><4.268745~217.6868~112.5688~223.0226~109.3672~-6.103516E-05~958.3344~-246.5204~0~1~0~rustb1~0.772597~0~0.772597~0~0.772597~0~0.772597~0, CustomDecal><100.8997><428.9389><-7.470306~211.8172~229.4258~213.418~233.6945~5.869568~757.1696~-281.204~0~1~1~blackrust1~0.5534051~1~0.5534051~1~0.5534051~1~0.5534051~1, DeathFallFocus><195.3815><21.31783><, CustomDecal><707.3232><435.9126><6.936768~194.7422~113.1022~183.0031~138.1812~-2.134399~-656.8539~-445.5509~0~1~1~rustb3~0.7319973~1~0.7319973~1~0.7319973~1~0.7319973~1, 
AmbientSounds: OMNI><AM_ENV-NatWind.ogg><682.6272><494.2286><0.4478017><0.6659248, OMNI><SO_WAT-Splashes.ogg><750.2537><415.4971><0.2622024><1, OMNI><AM_IND-Fabrik02.ogg><756.2814><237.1322><0.7042044><0.3318485, 
FadePalette: 14, 0.6535497
