Template: NONE
Grime: 0.1984034
Palette: 10
EffectColorA: 13
EffectColorB: 2
Effects: Fog-0.355729-20-20, 
PlacedObjects: CustomDecal><-200.9828><-8.242245><-32.72709~629.799~1336.277~663.949~1285.052~-16.36354~293.8323~52.6479~0~1~0~greybones~0.07467187~1~0.07467187~1~0.07467187~1~0.07467187~1, CustomDecal><827.7323><-36.26772><-32.72709~629.799~1649.319~735.8063~1641.493~13.51771~293.8323~52.6479~0~1~0~greybones~0.07467187~1~0.07467187~1~0.07467187~1~0.07467187~1, CustomDecal><-187.8843><70.97587><-32.01563~498.8907~1069.48~583.5541~1050.982~-90.35523~313.0417~81.10626~0~1~0~rust2~0.09787183~1~0.09787183~1~0.09787183~1~0.09787183~1, CustomDecal><1065.359><96.77501><-32.01563~498.8907~1069.48~583.5541~1050.982~-90.35523~313.0417~81.10626~0~1~0~rust2~0.09787183~1~0.09787183~1~0.09787183~1~0.09787183~1, DangleFruit><875.3383><106.8379><-670.9052~1.422913~2~3, DangleFruit><934.816><97.80038><0~0~2~3, 
FadePalette: 29, 0.2551973, 0.2551971
MorePalette0: 9, 0.1082658, 0.1005322
