Template: NONE
Clouds: 0.3015966
Grime: 0.1752041
RandomItemDensity: 0
RandomItemSpearChance: 0
Palette: 16
EffectColorA: 18
EffectColorB: 9
Effects: Lightning-0.703725-20-20, Flies-0.5103942-15.05936-91.89687, Coldness-0.2010644-275.4531-22.17396, 
PlacedObjects: LightBeam><868.0609><235.715><236.2042~233.5167~207.904~269.8011~-130.7499~203.4771~34.01099~71.75708~0.4122719~1~0~0~None~0~0, LightSource><1079.579><479.422><0.3889187~White~0~100~-98.56189~69.67725~0~1~None~0~0, LightBeam><765.2811><400.5269><319.4447~103.3198~341.6583~70.5929~119.6832~-199.9199~153.5161~-149.2015~0.4317355~1~0~0~None~0~0, LightSource><594.1091><254.2551><0.1415543~White~-123.0823~207.4302~-584.584~137.9174~0~1~None~0~0, LightSource><599.2947><445.1902><1~EffectColor1~94.62396~53.75522~-588.9017~68.79742~0~0~None~0~0, CustomDecal><515.9478><157.5089><-46.9563~317.4688~201.5012~328.8521~158.1022~-6.403122~-316.2993~-26.78186~0~0.6983865~0~rust2~0.3194743~0.6520091~0.729336~0.6520091~1~0.6520091~1~0.6520091, CustomDecal><364.2763><34.78291><-13.51767~541.5782~539.4437~536.598~503.1593~7.826035~-166.5603~-5.563232~0~0.6520041~0~rust1~0.7989373~0.5335942~0.7989373~0.5335942~0.7989373~0.5335942~0.7989373~0.5335942, InsectGroup><604.8467><371.4873><-59.76251~120.6323~0~0~StandardFly~0.5231947, CustomDecal><218.18><78.8974><-27.74687~89.80209~130.3552~118.9719~142.45~41.97606~-14.19815~9.160904~0.3325295~1~0~crudebubblyb&w~0.2217318~0.6031918~0.3994721~0~0.5386886~0.3325295~0.1520084~0.634126, CustomDecal><754.5392><85.31477><-19.20941~125.375~266.9553~128.2208~236.3625~10.67188~-552.8032~-81.81708~0.3323378~1~0~badskin~0.1752041~1~0~1~0.6047397~0.1469488~0.5850684~0.8184841, CustomDecal><1051.669><238.6124><14.22913~86.24478~93.35938~60.63226~76.2843~-11.38333~-429.9754~76.22012~0~1~0~hotdogdefacement~0.7748917~0.3173496~0.5927993~0.3173496~0.5927993~0.3173496~0.5927993~0.3173496, 
AmbientSounds: OMNI><AM_RAIN-QuietThunder.ogg><789.4662><579.1123><0.4535987><1, OMNI><AM_RAIN-RollingThunder.ogg><792.4886><506.1924><0.5154665><1, OMNI><AM_WIN-HowlingWnd.ogg><601.3399><582.2144><0.3144027><0.9721604, SPOT><AM_ENV-WallHum.ogg><335.3378><427.7394><0.5618654><0.6659237><604.4083><347.2116><602.1113><-45.31577><0><0.6181266, SPOT><AM_IND-50hz.ogg><341.3802><48.35646><0.5><0.9025614><1085.001><482.1975><-125.7106><-89.42615><0><0.2237313, SPOT><SO_SFX-Heartbeat2.ogg><745.9224><260.192><0.5077335><0.8886416><575.7736><376.4662><-76.61993><-145.6314><0.06186577><0.339731, SPOT><SO_SFX-Heartbeat1.ogg><776.0683><378.4797><0.4381342><0.7216052><630.2692><332.3002><-137.0939><-111.4814><0><0.3242645, 
FadePalette: 12, 0.5050722
WetTerrain: OFF
