WaterReflectionAlpha: 1
Palette: 54
EffectColorA: 0
EffectColorB: 10
Effects: Hue-0.7065217-28-127, Fog-1-478-558, DarkenLights-0-734-368, TinyDragonFly-0.5-25-62, Moth-0.4021739-281-128, Brightness-0.3586957-275-75, ProjectedScanLines-1-755-489, FairyParticles-0.4021739-763-597, 
PlacedObjects: Vine><466.6978><49.02945><-124~277, Vine><583.5093><310.8002><158~211, Vine><4192.094><287.4267><500~-130, LightBeam><2218.42><163.1446><437~632~995~620~716~-192~498~119~0.5521738~1~0~1~None~0~0, LightBeam><3240.308><58.19379><743~766~1364~736~1271~395~87~625~0.6065216~1~0~1~None~0~0, HangingPearls><761.0624><595.81><, HangingPearls><955.9404><702.3113><, HangingPearls><922.3514><693.4224><, HangingPearls><677.3108><673.0647><, HangingPearls><1578.651><700.3694><, HangingPearls><1233.345><564.374><, HangingPearls><1725.628><568.0963><, HangingPearls><1164.845><696.3241><, HangingPearls><1140.444><692.692><, HangingPearls><2549.076><678.0649><, HangingPearls><2249.919><554.6069><, HangingPearls><2216.552><570.5273><, HangingPearls><3079.677><552.0935><, HangingPearls><3149.676><535.9058><, HangingPearls><2779.001><607.8><, HangingPearls><3211.33><572.6058><, HangingPearls><3486.411><521.8206><, HangingPearls><4347.688><329.8194><, HangingPearls><3994.655><306.9261><, HangingPearls><3952.91><753.6299><, HangingPearls><383.6963><327.5385><, HangingPearls><60.66684><357.1397><, FairyParticleSettings><2199.209><74.80423><5~8.660254~0~1~1~0~4.307824~4.857204~60~180~40~100~5~30~0~360~0.3586957~0.1521739~1~0.8043478~0.8043478~0.8043478~0.5~0.75~4~Leaf~SIN_IO~SIN_IO~0~0~10.65217, Vine><1636.387><683.3546><-95~-248, Vine><3205.419><535.2163><204~122, 
FadePalette: 1, 1, 1, 1, 1
